Id	null	slow	med	fast	x	o	b	a	p	s1	s2	s3	s4	s5	s6	s7	sws	swd	bub	spw	ses	othl	gra	min	xyl	shr	gat	aff	pff	pre	par	othf	teg	gil	pls	spi	ves	aqpa	aqac	aepa	aeac	l1y	e1y	m1y	ly	my	ovo	fie	cie	fic	frc	vec	tec	ase	egg	coc	hou	did	non
1	3	3	0	0	0	0	0	0	0	0	2	2	0	0	0	0	0	3.3	1.7	5	0	0	0	0	0	10	0	0	0	0	0	0	0	3	0	0	0	1	0	0	0	0	0	3	0	3	3	0	0	0	0	0	0	0	0	0	0	0	3
2	1	2	3	1	1	2	3	2	0	0	0	0	2	2	0	0	0	5	0	5	0	0	1	0	0	6.5	2	0	0	0.5	0	0	0	3	0	0	0	3	2	0	0	0	0	3	1	3	3	0	0	0	0	0	0	0	0	0	0	0	3
3	1	2	3	1	1	2	3	2	0	0	0	0	2	2	0	0	0	10	0	0	0	0	0	0	0	7	3	0	0	0	0	0	0	3	0	0	0	3	2	0	0	0	0	3	1	3	3	0	0	0	0	0	0	0	0	0	0	0	3
4	1	3	2	0	0	1	3	1	0	0	0	0	0	3	0	0	0	5	1.7	3.3	0	0	1	0	0	2	2	0	0	3	0	2	0	3	0	0	0	2	2	0	0	0	0	3	3	0	3	0	0	0	0	0	0	0	0	0	0	0	3
5	3	3	0	0	0	0	0	1	2	0	0	0	0	1	3	0	0	1.7	6.7	1.7	0	0	0	0	0	0	0	10	0	0	0	0	1	3	0	0	0	3	1	0	0	0	2	2	0	3	3	1	0	0	0	0	0	0	0	0	1	0	3
6	3	3	0	0	0	1	3	1	0	0	0	0	0	3	1	0	1	0	0	0	9	0	0	0	0	0	0	10	0	0	0	0	1	3	0	0	0	3	1	0	0	0	3	0	0	3	3	0	0	0	0	0	0	0	0	0	0	0	3
7	2	2	0	0	0	1	2	3	0	0	0	3	0	0	0	0	0	0	3	4	3	0	0	0	0	0	0	10	0	0	0	0	1	3	0	0	0	2	1	1	0	0	3	3	1	3	3	0	0	0	0	0	0	0	0	0	0	1	0
8	2	2	1	0	0	3	2	1	0	0	3	2	1	0	0	0	0	0	2	3	5	0	0	0	0	0	0	10	0	0	0	0	1	3	0	0	0	3	1	1	0	0	3	3	2	3	3	0	0	0	0	0	0	0	1	0	0	1	0
9	3	2	1	0	0	1	3	2	0	0	0	0	3	1	0	0	0	0	10	0	0	0	0	0	0	0	0	10	0	0	0	0	1	3	0	0	0	3	1	1	0	0	3	3	1	3	3	0	0	0	0	0	0	0	0	0	0	1	0
10	2	1	0	0	0	0	0	0	0	0	0	0	3	0	0	0	0	0	4.3	1.4	4.3	0	0	0	0	10	0	0	0	0	0	0	1	0	1	3	0	0	0	0	3	0	3	0	1	3	0	0	0	3	0	1	0	0	0	3	0	0	0
11	3	3	0	0	0	1	5	4	0	1	3	2	0	0	0	0	0	3.3	0	5	0	1.7	0	0	0	10	0	0	0	0	0	0	0	0	3	1	0	0	1	1	2	0	3	1	1	3	0	0	2	2	0	1	0	0	0	0	0	0	3
12	3	1	1	0	0	0	3	0	0	0	3	0	0	0	0	0	0	0	3.8	3.8	0	2.5	5	0	0	0	5	0	0	0	0	0	3	0	3	3	0	0	1	0	3	0	3	0	1	3	0	0	0	0	0	1	3	0	0	0	0	0	3
13	3	1	1	0	0	0	3	0	0	0	3	0	0	0	0	0	0	0	3.8	3.8	0	2.5	0	0	0	10	0	0	0	0	0	0	3	0	3	3	0	0	1	0	3	0	3	0	1	3	0	0	0	0	0	1	3	0	0	0	0	0	3
14	0	1	2	1	0	3	3	0	0	0	3	0	0	0	0	0	0	0	4.3	4.3	0	1.4	10	0	0	0	0	0	0	0	0	0	3	0	3	2	0	0	1	0	3	0	3	0	1	3	0	0	0	0	0	0	3	0	0	0	0	0	3
15	3	1	0	0	0	3	3	2	0	0	0	3	2	0	0	0	0	7	0	1	0	2	0	0	0	0	0	0	0	10	0	0	1	0	0	3	0	1	1	0	3	0	3	1	0	3	0	0	0	3	0	1	0	0	0	0	0	0	3
16	3	1	0	0	0	3	3	2	0	0	0	3	2	0	0	0	0	10	0	0	0	0	0	0	0	0	0	0	0	10	0	0	1	0	0	3	0	1	1	0	3	0	3	1	0	3	0	0	0	3	0	1	0	0	0	0	0	0	3
17	3	2	1	0	0	1	3	2	0	0	3	0	0	0	0	0	0	5	0	3	0	2	0	0	0	0	0	0	0	10	0	0	1	0	0	3	0	1	1	0	3	0	1	3	1	3	0	0	0	3	0	0	0	0	0	0	0	0	3
18	3	0	0	0	0	1	2	2	0	0	3	0	0	0	0	0	0	4	0	4	0	2	0	0	0	0	0	0	0	10	0	0	1	0	0	3	0	0	1	0	3	0	1	3	1	3	0	0	0	3	0	0	0	0	0	0	0	0	3
19	3	0	0	0	0	1	2	3	0	0	0	0	0	3	1	0	0	7	0	0	0	3	0	0	0	0	0	0	0	10	0	0	1	0	0	3	0	0	1	0	3	0	3	0	0	3	0	0	0	0	0	3	0	0	0	0	0	0	3
20	3	1	0	0	0	1	2	1	0	0	3	0	0	0	0	0	0	4.3	0	4.3	0	1.4	0	0	0	0	0	0	0	10	0	0	1	0	0	3	0	1	1	0	3	0	1	3	1	3	0	0	0	3	0	0	0	0	0	0	0	0	3
21	3	1	0	0	0	1	2	1	0	0	3	0	0	0	0	0	0	5	0	5	0	0	0	0	0	0	0	0	0	10	0	0	1	0	0	3	0	1	1	0	3	0	1	3	1	3	0	0	0	3	0	0	0	0	0	0	0	0	3
22	3	0	0	0	0	0	3	3	0	0	0	1	3	0	0	0	0	5	0	1	0	4	0	0	0	0	0	0	0	10	0	0	1	0	0	3	0	0	1	0	3	0	3	0	0	3	0	0	0	0	0	3	0	0	0	0	0	0	3
23	3	0	0	0	0	1	3	3	1	0	3	0	0	0	0	0	0	4.3	0	4.3	0	1.4	0	0	0	0	0	0	0	10	0	0	1	0	0	3	0	0	1	0	3	0	1	3	1	3	0	0	0	3	0	0	0	0	0	0	0	0	3
24	3	1	0	0	1	3	2	1	0	0	3	1	0	0	0	0	0	5	0	5	0	0	0	0	0	0	0	0	0	10	0	0	1	0	0	3	0	0	1	0	3	0	1	3	1	3	0	0	0	3	0	0	0	0	0	0	0	0	3
25	3	1	0	0	1	3	2	1	0	0	3	1	0	0	0	0	0	2	0	8	0	0	0	0	0	0	0	0	0	10	0	0	1	0	0	3	0	0	1	0	3	0	1	3	1	3	0	0	0	3	0	0	0	0	0	0	0	0	3
26	3	1	0	0	1	3	2	1	0	0	3	1	0	0	0	0	0	3	0	5	0	2	0	0	0	0	0	0	0	10	0	0	1	0	0	3	0	0	1	0	3	0	1	3	1	3	0	0	0	3	0	0	0	0	0	0	0	0	3
27	3	1	0	0	1	3	2	1	0	0	3	1	0	0	0	0	0	5	0	5	0	0	0	0	0	0	0	0	0	10	0	0	1	0	0	3	0	0	1	0	3	0	1	3	1	3	0	0	0	3	0	0	0	0	0	0	0	0	3
28	3	0	0	0	0	1	2	2	0	0	3	0	0	0	0	0	0	5	0	5	0	0	0	0	0	0	0	0	0	10	0	0	1	0	0	3	0	0	1	0	3	0	1	3	1	3	0	0	0	3	0	0	0	0	0	0	0	0	3
29	3	0	0	0	0	0	2	3	0	0	3	0	0	0	0	0	0	5	0	5	0	0	0	0	0	0	0	0	0	10	0	0	1	0	0	3	0	0	1	0	3	0	1	3	1	3	0	0	0	3	0	0	0	0	0	0	0	0	3
30	3	0	0	0	0	0	2	3	0	0	3	0	0	0	0	0	0	4.3	0	4.3	0	1.4	0	0	0	0	0	0	0	10	0	0	1	0	0	3	0	0	1	0	3	0	1	3	1	3	0	0	0	3	0	0	0	0	0	0	0	0	3
31	3	0	0	0	0	1	3	3	1	0	0	2	3	0	0	0	0	10	0	0	0	0	0	0	0	0	0	0	0	10	0	0	1	0	0	3	0	0	1	0	3	0	3	1	0	3	0	0	0	0	0	3	0	0	0	0	0	0	3
32	3	0	0	0	0	1	3	3	1	0	0	2	3	0	0	0	0	4	0	1	0	5	0	0	0	0	0	0	0	10	0	0	1	0	0	3	0	0	1	0	3	0	3	1	0	3	0	0	0	0	0	3	0	0	0	0	0	0	3
33	3	0	0	0	0	1	3	3	1	0	0	2	3	0	0	0	0	10	0	0	0	0	0	0	0	0	0	0	0	10	0	0	1	0	0	3	0	0	1	0	3	0	3	1	0	3	0	0	0	0	0	3	0	0	0	0	0	0	3
34	3	0	0	0	0	1	3	3	1	0	0	2	3	0	0	0	0	7	0	0	0	3	0	0	0	0	0	0	0	10	0	0	1	0	0	3	0	0	1	0	3	0	3	1	0	3	0	0	0	0	0	3	0	0	0	0	0	0	3
35	3	0	0	0	0	1	3	3	1	0	0	2	3	0	0	0	0	10	0	0	0	0	0	0	0	0	0	0	0	10	0	0	1	0	0	3	0	0	1	0	3	0	3	1	0	3	0	0	0	0	0	3	0	0	0	0	0	0	3
36	3	1	0	0	0	1	3	3	0	0	3	0	0	0	0	0	0	10	0	0	0	0	0	0	0	0	0	0	0	10	0	0	1	0	0	3	0	1	1	0	3	0	3	1	0	3	0	0	0	3	0	0	0	0	0	0	0	0	3
37	3	1	0	0	0	1	3	3	0	0	3	0	0	0	0	0	0	10	0	0	0	0	0	0	0	0	0	0	0	10	0	0	1	0	0	3	0	1	1	0	3	0	3	1	0	3	0	0	0	3	0	0	0	0	0	0	0	0	3
38	3	1	0	0	0	1	3	3	0	0	3	0	0	0	0	0	0	10	0	0	0	0	0	0	0	0	0	0	0	10	0	0	1	0	0	3	0	1	1	0	3	0	3	1	0	3	0	0	0	3	0	0	0	0	0	0	0	0	3
39	3	1	0	0	0	1	3	3	0	0	3	0	0	0	0	0	0	3	0	3	0	4	0	0	0	0	0	0	0	10	0	0	1	0	0	3	0	1	1	0	3	0	3	1	0	3	0	0	0	3	0	0	0	0	0	0	0	0	3
40	3	2	1	0	0	1	3	0	0	0	2	2	0	0	0	0	0	3	0	7	0	0	0	0	0	0	0	0	0	10	0	0	1	0	0	3	0	2	1	0	3	0	1	3	1	3	0	0	0	3	0	0	0	0	0	0	0	0	3
41	3	2	1	0	0	1	3	0	0	0	2	2	0	0	0	0	0	4.3	0	4.3	0	1.4	0	0	0	0	0	0	0	10	0	0	1	0	0	3	0	2	1	0	3	0	1	3	1	3	0	0	0	3	0	0	0	0	0	0	0	0	3
42	3	2	1	0	0	2	3	0	0	0	3	0	0	0	0	0	0	4	0	4	0	2	0	0	0	0	0	0	0	10	0	0	1	0	0	3	0	2	1	0	3	0	1	3	1	3	0	0	0	3	0	0	0	0	0	0	0	0	3
43	3	3	0	0	0	1	2	3	0	0	0	3	0	0	0	0	0	10	0	0	0	0	0	0	0	0	0	0	0	10	0	0	1	0	0	3	0	2	1	0	3	0	3	1	0	3	0	0	0	3	0	0	0	0	0	0	0	0	3
44	3	3	0	0	0	1	2	3	0	0	0	3	0	0	0	0	0	4.3	0	4.3	0	1.4	0	0	0	0	0	0	0	10	0	0	1	0	0	3	0	2	1	0	3	0	3	1	0	3	0	0	0	3	0	0	0	0	0	0	0	0	3
45	3	0	0	0	0	0	3	0	0	0	3	0	0	0	0	0	0	4.3	0	4.3	0	1.4	0	0	0	0	0	0	0	10	0	0	1	0	0	3	0	1	1	0	3	0	1	3	1	3	0	0	0	3	0	0	0	0	0	0	0	0	3
46	3	1	0	0	0	1	3	1	0	0	0	3	0	0	0	0	0	10	0	0	0	0	0	0	0	0	0	0	0	10	0	0	1	0	0	3	0	1	1	0	3	0	1	3	1	3	0	0	0	3	0	0	0	0	0	0	0	0	3
47	3	1	0	0	0	1	3	1	0	0	0	3	0	0	0	0	0	10	0	0	0	0	0	0	0	0	0	0	0	10	0	0	1	0	0	3	0	1	1	0	3	0	1	3	1	3	0	0	0	3	0	0	0	0	0	0	0	0	3
48	3	1	0	0	0	0	0	0	0	0	3	0	0	0	0	0	0	4.3	0	4.3	0	1.4	0	0	0	0	0	0	0	10	0	0	1	0	0	3	0	0	1	0	3	0	1	3	1	3	0	0	0	3	0	0	0	0	0	0	0	0	3
49	0	3	3	3	1	3	2	0	0	0	3	0	0	0	0	0	0	0	0	10	0	0	9	0	0	0	1	0	0	0	0	0	1	3	3	0	0	2	1	0	2	0	3	0	1	3	0	0	0	3	0	0	0	0	0	0	0	0	3
50	0	3	3	3	1	3	2	0	0	0	3	0	0	0	0	0	0	0	1.7	6.7	0	1.7	10	0	0	0	0	0	0	0	0	0	1	3	3	0	0	2	1	0	2	0	3	0	1	3	0	0	0	3	0	0	0	0	0	0	0	0	3
51	0	3	2	1	1	3	3	0	0	0	3	0	0	0	0	0	0	0	1.7	6.7	0	1.7	8	0	0	0	2	0	0	0	0	0	1	3	3	0	0	2	1	0	2	0	3	0	1	3	0	0	0	3	0	0	0	0	0	0	0	0	3
52	0	3	2	1	1	3	3	0	0	0	3	0	0	0	0	0	0	0	1.7	6.7	0	1.7	10	0	0	0	0	0	0	0	0	0	1	3	3	0	0	2	1	0	2	0	3	0	1	3	0	0	0	3	0	0	0	0	0	0	0	0	3
53	0	3	3	2	0	3	3	0	0	0	3	0	0	0	0	0	0	0	1.7	6.7	0	1.7	8	0	0	1	1	0	0	0	0	0	1	3	3	0	0	2	1	0	2	0	3	0	1	3	0	0	0	3	0	0	0	0	0	0	0	0	3
54	0	3	3	2	0	3	3	0	0	0	3	0	0	0	0	0	0	0	1.7	6.7	0	1.7	10	0	0	0	0	0	0	0	0	0	1	3	3	0	0	2	1	0	2	0	3	0	1	3	0	0	0	3	0	0	0	0	0	0	0	0	3
55	0	3	3	2	0	3	3	0	0	0	3	0	0	0	0	0	0	0	1.7	6.7	0	1.7	8	0	0	1	1	0	0	0	0	0	1	3	3	0	0	2	1	0	2	0	3	0	1	3	0	0	0	3	0	0	0	0	0	0	0	0	3
56	0	3	2	1	0	1	3	0	0	0	3	0	0	0	0	0	0	0	1.7	6.7	0	1.7	5	0	0	0	5	0	0	0	0	0	1	3	3	0	0	2	1	0	2	0	3	0	1	3	0	0	0	3	0	0	0	0	0	0	0	0	3
57	0	3	2	1	0	1	3	0	0	0	3	0	0	0	0	0	0	0	1.7	6.7	0	1.7	10	0	0	0	0	0	0	0	0	0	1	3	3	0	0	2	1	0	2	0	3	0	1	3	0	0	0	3	0	0	0	0	0	0	0	0	3
58	0	3	2	1	0	1	3	0	0	0	3	0	0	0	0	0	0	0	0	0	10	0	7	0	0	0	3	0	0	0	0	0	1	3	3	0	0	2	1	0	2	0	3	0	1	3	0	0	0	3	0	0	0	0	0	0	0	0	3
59	0	3	3	3	0	2	3	0	0	0	3	0	0	0	0	0	0	0	0	8	0	2	10	0	0	0	0	0	0	0	0	0	1	3	3	0	0	2	1	0	2	0	3	0	1	3	0	0	0	3	0	0	0	0	0	0	0	0	3
60	3	1	0	0	0	1	3	1	0	0	2	3	0	0	0	0	0	7	0	0	0	3	0	0	0	0	0	0	0	9	0	1	1	3	0	3	0	0	2	0	3	0	3	0	1	3	0	0	0	3	0	0	0	0	0	0	0	0	3
61	3	1	0	0	0	1	3	1	0	0	2	3	0	0	0	0	3	3	0	3	0	1	0	0	0	0	0	0	0	10	0	0	1	3	0	3	0	0	2	0	3	0	3	0	1	3	0	0	0	3	0	0	0	0	0	0	0	0	3
62	3	1	0	0	0	1	3	1	0	0	2	3	0	0	0	0	0	6	1	0	0	3	0	0	0	0	0	0	0	10	0	0	1	3	0	3	0	0	2	0	3	0	3	0	1	3	0	0	0	3	0	0	0	0	0	0	0	0	3
63	3	2	2	1	0	1	3	0	0	0	2	2	0	0	0	0	0	7	0	3	0	0	0	0	0	0	0	0	0	10	0	0	1	3	0	3	0	2	2	0	3	0	3	0	1	3	0	0	0	3	0	0	0	0	0	0	0	0	3
64	3	2	2	1	0	1	3	0	0	0	2	2	0	0	0	0	0	7	0	3	0	0	0	0	0	0	0	0	0	10	0	0	1	3	0	3	0	2	2	0	3	0	3	0	1	3	0	0	0	3	0	0	0	0	0	0	0	0	3
65	1	3	1	0	0	2	3	0	0	0	3	0	0	0	0	0	0	4.3	0	4.3	0	1.4	6	0	0	0	2	0	0	2	0	0	3	0	0	3	0	2	1	0	3	0	1	3	1	3	0	0	0	3	0	0	0	0	0	0	0	0	3
66	1	3	1	0	0	2	3	0	0	0	3	0	0	0	0	0	0	4.3	0	4.3	0	1.4	6	0	0	0	2	0	0	2	0	0	3	0	0	3	0	2	1	0	3	0	1	3	1	3	0	0	0	3	0	0	0	0	0	0	0	0	3
67	3	2	1	0	0	1	3	1	0	0	3	0	0	0	0	0	0	5	0	5	0	0	3	5	0	0	0	0	0	2	0	0	3	0	0	3	0	1	1	0	3	0	1	3	1	3	0	0	0	0	0	3	0	0	0	0	0	0	3
68	3	2	1	0	0	1	3	1	0	0	3	0	0	0	0	0	0	5	0	5	0	0	3	0	0	0	0	0	0	7	0	0	3	0	0	3	0	1	1	0	3	0	1	3	1	3	0	0	0	0	0	3	0	0	0	0	0	0	3
69	3	2	1	0	0	1	3	1	0	0	3	0	0	0	0	0	0	5	0	5	0	0	3	4	0	0	0	0	0	3	0	0	3	0	0	3	0	1	1	0	3	0	1	3	1	3	0	0	0	0	0	3	0	0	0	0	0	0	3
70	3	2	1	0	0	1	3	1	0	0	3	0	0	0	0	0	0	2	0	6	0	2	0	0	0	0	0	0	0	0	0	10	3	0	0	3	0	1	1	0	3	0	1	3	1	3	0	0	0	0	0	3	0	0	0	0	0	0	3
71	3	2	1	0	0	1	3	1	0	0	3	0	0	0	0	0	0	5	0	5	0	0	7	0	0	0	0	0	0	3	0	0	3	0	0	3	0	1	1	0	3	0	1	3	1	3	0	0	0	0	0	3	0	0	0	0	0	0	3
72	3	2	1	0	0	1	3	1	0	0	3	0	0	0	0	0	0	5	0	5	0	0	5	0	0	0	0	0	0	5	0	0	3	0	0	3	0	1	1	0	3	0	1	3	1	3	0	0	0	0	0	3	0	0	0	0	0	0	3
73	3	2	1	0	0	1	3	1	0	0	3	0	0	0	0	0	0	2	0	6	0	2	3	0	0	0	0	0	0	7	0	0	3	0	0	3	0	1	1	0	3	0	1	3	1	3	0	0	0	0	0	3	0	0	0	0	0	0	3
74	3	2	1	0	0	1	3	1	0	0	3	0	0	0	0	0	0	2	0	6	0	2	5	3	0	0	0	0	0	2	0	0	3	0	0	3	0	1	1	0	3	0	1	3	1	3	0	0	0	0	0	3	0	0	0	0	0	0	3
75	3	2	1	0	0	1	3	1	0	0	3	0	0	0	0	0	0	5	0	5	0	0	0	4	0	2	0	0	0	4	0	0	3	0	0	3	0	1	1	0	3	0	1	3	1	3	0	0	0	0	0	3	0	0	0	0	0	0	3
76	3	2	1	0	0	1	3	1	0	0	3	0	0	0	0	0	0	2	0	6	0	2	0	0	0	0	0	0	0	0	0	10	3	0	0	3	0	1	1	0	3	0	1	3	1	3	0	0	0	0	0	3	0	0	0	0	0	0	3
77	3	2	1	0	0	1	3	1	0	0	3	0	0	0	0	0	0	5	0	5	0	0	4	3	0	0	0	0	0	3	0	0	3	0	0	3	0	1	1	0	3	0	1	3	1	3	0	0	0	0	0	3	0	0	0	0	0	0	3
78	3	2	1	0	0	1	3	1	0	0	3	0	0	0	0	0	0	2	0	6	0	2	8	0	0	0	0	0	0	2	0	0	3	0	0	3	0	1	1	0	3	0	1	3	1	3	0	0	0	0	0	3	0	0	0	0	0	0	3
79	3	2	1	0	0	1	3	1	0	0	3	0	0	0	0	0	0	4	0	5.3	0	0.7	6	1.3	0	0	0	0	0	2.7	0	0	3	0	0	3	0	1	1	0	3	0	1	3	1	3	0	0	0	0	0	3	0	0	0	0	0	0	3
80	3	2	1	0	0	1	3	1	0	0	3	0	0	0	0	0	0	2	0	6	0	2	2	0	0	0	0	0	0	8	0	0	3	0	0	3	0	1	1	0	3	0	1	3	1	3	0	0	0	0	0	3	0	0	0	0	0	0	3
81	3	2	1	0	0	1	3	1	0	0	3	0	0	0	0	0	0	2	0	6	0	2	0	0	0	0	0	0	0	0	0	10	3	0	0	3	0	1	1	0	3	0	1	3	1	3	0	0	0	0	0	3	0	0	0	0	0	0	3
82	3	0	0	0	0	0	1	2	0	0	3	0	0	0	0	0	0	5	0	5	0	0	3	3	0	0	1	0	0	3	0	0	2	3	0	3	0	0	1	0	3	0	1	3	1	3	0	0	0	3	0	0	0	0	0	0	0	0	3
83	3	0	0	0	0	0	1	2	0	0	3	0	0	0	0	0	0	4.3	0	4.3	0	1.4	0	0	0	0	0	0	0	0	0	10	2	3	0	3	0	0	1	0	3	0	1	3	1	3	0	0	0	3	0	0	0	0	0	0	0	0	3
84	3	0	0	0	0	0	1	2	0	0	3	0	0	0	0	0	0	4.3	0	4.3	0	1.4	0	0	0	0	0	0	0	0	0	10	2	3	0	3	0	0	1	0	3	0	1	3	1	3	0	0	0	3	0	0	0	0	0	0	0	0	3
85	1	2	3	2	0	1	3	2	0	0	3	0	0	0	0	0	0	0	0	5	5	0	10	0	0	0	0	0	0	0	0	0	0	0	3	2	0	2	1	0	3	0	3	1	1	3	0	0	0	0	0	0	3	0	0	0	0	0	3
86	1	2	3	2	0	1	3	2	0	0	3	0	0	0	0	0	0	0	0	5	5	0	5	0	0	1.5	2	0	1.5	0	0	0	0	0	3	2	0	2	1	0	3	0	3	1	1	3	0	0	0	0	0	0	3	0	0	0	0	0	3
87	1	2	3	2	0	1	3	2	0	0	3	0	0	0	0	0	0	0	0	5	5	0	4	0	0	4	2	0	0	0	0	0	0	0	3	2	0	2	1	0	3	0	3	1	1	3	0	0	0	0	0	0	3	0	0	0	0	0	3
88	3	1	0	0	0	3	6	1	0	0	3	0	0	0	0	0	0	0	0	0	10	0	10	0	0	0	0	0	0	0	0	0	0	0	2	3	0	1	1	0	3	0	3	1	1	3	0	0	0	0	0	0	3	0	0	0	0	0	3
89	3	0	0	0	0	0	1	2	0	0	3	0	0	0	0	0	0	0	10	0	0	0	5	0	0	5	0	0	0	0	0	0	1	0	1	3	0	0	1	0	3	0	3	1	1	3	0	0	0	3	0	0	0	0	0	0	0	0	3
90	3	0	0	0	0	0	1	2	0	0	3	0	0	0	0	0	0	0	10	0	0	0	3	0	0	2	3	0	0	2	0	0	1	0	1	3	0	0	1	0	3	0	3	1	1	3	0	0	0	3	0	0	0	0	0	0	0	0	3
91	3	0	0	0	0	0	2	3	0	0	1	3	0	0	0	0	0	0	5	5	0	0	3	0	0	1	3	0	0	3	0	0	1	0	1	3	0	0	1	0	3	0	3	1	1	3	0	0	0	3	0	0	0	0	0	0	0	0	3
92	3	0	0	0	0	0	2	3	0	0	1	3	0	0	0	0	0	0	3	2	0	5	0	0	0	0	0	0	0	10	0	0	1	0	1	3	0	0	1	0	3	0	3	1	1	3	0	0	0	3	0	0	0	0	0	0	0	0	3
93	3	0	0	0	0	0	1	2	0	0	2	3	0	0	0	0	0	0	5	5	0	0	3	0	0	1	3	0	0	3	0	0	1	0	1	3	0	0	1	0	3	0	3	1	1	3	0	0	0	3	0	0	0	0	0	0	0	0	3
94	3	0	0	0	0	0	1	2	0	0	2	3	0	0	0	0	0	0	5	5	0	0	3	0	0	0	2	0	0	5	0	0	1	0	1	3	0	0	1	0	3	0	3	1	1	3	0	0	0	3	0	0	0	0	0	0	0	0	3
95	3	0	0	0	0	0	1	2	0	0	2	3	0	0	0	0	0	0	5	5	0	0	0	0	0	5	5	0	0	0	0	0	1	0	1	3	0	0	1	0	3	0	3	1	1	3	0	0	0	3	0	0	0	0	0	0	0	0	3
96	3	0	0	0	0	0	1	2	0	0	2	3	0	0	0	0	0	4.3	0	4.3	0	1.4	0	0	0	0	0	0	0	10	0	0	1	0	1	3	0	0	1	0	3	0	3	1	1	3	0	0	0	3	0	0	0	0	0	0	0	0	3
97	3	0	0	0	0	0	1	2	0	0	0	3	1	0	0	0	0	4	0	1	0	5	3	0	0	0	3	0	0	4	0	0	1	0	1	3	0	0	1	0	3	0	3	1	1	3	0	0	0	3	0	0	0	0	0	0	0	0	3
98	3	0	0	0	0	0	1	3	0	0	0	0	0	2	3	0	0	3	0	5	0	2	0	0	0	0	0	0	0	10	0	0	1	0	2	3	0	0	1	0	3	0	3	1	0	3	0	0	0	0	3	0	0	0	0	0	0	0	3
99	3	1	0	0	0	1	3	3	1	0	3	0	0	0	0	0	0	0	0	10	0	0	3	0	0	1	3	0	0	3	0	0	1	0	1	3	0	1	1	0	3	0	3	1	1	3	0	0	0	3	0	0	0	0	0	0	0	0	3
100	3	1	0	0	0	1	3	3	1	0	3	0	0	0	0	0	0	0	0	10	0	0	3	0	0	1	3	0	0	3	0	0	1	0	1	3	0	1	1	0	3	0	3	1	1	3	0	0	0	3	0	0	0	0	0	0	0	0	3
101	3	1	0	0	0	1	3	3	1	0	3	0	0	0	0	0	0	4.3	0	4.3	0	1.4	0	0	0	0	0	0	0	10	0	0	1	0	1	3	0	1	1	0	3	0	3	1	1	3	0	0	0	3	0	0	0	0	0	0	0	0	3
102	3	1	0	0	0	1	3	3	1	0	3	0	0	0	0	0	0	0	0	10	0	0	3	0	0	1	3	0	0	3	0	0	1	0	1	3	0	1	1	0	3	0	3	1	1	3	0	0	0	3	0	0	0	0	0	0	0	0	3
103	0	1	3	3	4	6	0	0	0	0	3	0	0	0	0	0	0	0	0	10	0	0	7.5	0	0	2.5	0	0	0	0	0	0	1	3	0	0	0	2	1	0	3	0	3	0	1	3	0	0	0	0	0	0	0	0	0	0	0	0	3
104	3	0	0	0	0	0	2	7	1	0	3	0	0	0	0	0	0	5	0	5	0	0	0	0	0	0	0	0	0	10	0	0	3	0	0	3	0	0	1	0	3	0	3	0	0	3	0	0	0	3	0	0	0	0	0	3	0	0	0
105	3	0	0	0	0	0	1	3	1	0	3	0	0	0	0	0	0	4.3	4.3	0	0	1.4	0	0	0	0	0	0	0	10	0	0	3	0	0	3	0	0	1	0	3	0	3	0	0	3	0	0	0	3	0	0	0	0	0	3	0	0	0
106	2	3	1	0	0	0	3	2	0	0	0	0	0	0	1	3	0	2	0	8	0	0	0	0	0	0	3	0	0	3	0	4	0	3	0	0	0	0	2	0	0	0	3	0	0	3	3	0	0	3	0	0	0	0	0	0	0	0	3
107	1	3	0	0	0	1	3	0	0	0	0	0	3	0	0	0	0	0	0	10	0	0	0	0	0	0	0	0	0	10	0	0	0	1	0	0	0	1	1	0	1	1	3	0	3	1	0	0	0	0	0	0	3	0	0	0	0	0	3
108	3	1.5	0.5	0	0	2	2	2	1	0	1.3	1.3	1.5	0	0	0	0	7	0	0	0	3	0	0	0	0	0	0	0	10	0	0	0	3	0	0	0	0.8	0.3	0	2	0	2	1.3	3	0	0	0	0.3	3	0	0	0	0	0.8	0	0	0	3
109	3	1	0	0	0	1	3	2	0	0	0	0	3	0	0	0	6	2	2	0	0	0	0	0	0	0	0	0	0	10	0	0	3	0	0	0	1	1	2	0	0	0	3	1	3	0	0	1	0	0	3	0	0	0	2	0	0	2	0
110	1.4	1.4	1.4	1.4	1.2	2.6	2.4	1.4	0.6	0	0.8	2.6	1.2	0.4	0	0	0	1	0	1	4	4	2	1	0	0	3	2	0	1	1	0	3	1	0	0	0	1.8	1	1.8	1	0	1.6	1.8	3	0	0.4	0	0	1.2	2.6	0	0.4	0	0	0	0	0.4	3
111	3	1	0	0	0	1.5	3	2	1.5	0	0.5	3	0	0	0	0	0.9	0.1	0	0	0	0	0	0	0	0	0	9	0	1	0	0	0	0	0	3	0	0	0	2	3	0	2	2	3	0	0	2	0	0	2	0	0.5	0	2	0	0	2	0.5
112	1.5	1	2	0.5	0	1.5	0.5	0.5	0	0	0	3	0	0	0	0	0	0	0	10	0	0	0	0	0	0	3	7	0	0	0	0	0	0	0	3	0	3	1	1	0	0	3	0	3	0	0	0	0	3	1	0	1	0	0	0	0	2	0
113	2	3	1	0	0	1	3	1	0	0	0	3	0	0	0	0	0	0	0	5	0	5	0	0	0	0	0	0	0	10	0	0	0	0	0	3	0	0	0	1	1	0	3	1	3	0	0	2	0	0	0	1	2	0	0	2	0	1	0
114	0	0.5	1	2	1	1	3	1	0	0	0	3	0	0	0	0	0	0	5	5	0	0	0	0	0	0	0	0	0	10	0	0	1	0	0	1	0	1	1	0	2	0	3	1.5	3	0	0	0	0	0	0	0	2	0	0	0	0	0	0
115	2	2	2	0	0	0	3	2	0	0	1	3	3	0	0	0	0	0	5	5	0	0	0	0	0	5	5	0	0	0	0	0	0	0	0	3	0	0	0	0	1	0	3	1	3	0	0	0	1	1	0	2	2	0	0	0	0	2	2
116	2	2	2	1	0	1	1	3	0	0	0	3	1	0	0	0	0	0	0	10	0	0	0	0	0	0	0	0	0	10	0	0	0	0	0	3	0	0	1	0	0	0	1	3	3	0	1	0	1	1	0	0	3	0	0	0	0	0	3
117	1	1.7	1.3	1	0	1	3	2	0	0	0.3	2.7	1.3	0	0	0	0	0	0.8	0.2	0	0	0	0	0	0	10	0	0	0	0	0	0.3	0	0	3	0	0.3	1	0.7	1	0	3	1	1.7	0	0	1	0	0.7	0.3	0	0	0	0	0	0	0	2.3
118	2	3	1	1	0	1	2	3	2	0	0	3	0	0	0	0	3.3	0	0	6.7	0	0	3	0	0	1	5	0	0	1	0	0	0	0	0	3	0	3	1	0	1	0	1	3	3	0	1	0	1	3	0	0	0	0	0	0	0	0	3
119	3	3	0	0	0	0	1	3	2	0	0	0	0	3	1	0	0	1.4	5.7	2.9	0	0	0	0	0	0	10	0	0	0	0	0	1	1	0	3	0	2	1	0	1	0	3	2	3	0	0	2	3	0	0	0	0	0	0	0	0	3	0
120	1	1	2	1	0	0	0	0	0	0	0	0	3	1	0	0	0	0	5	5	0	0	0	0	0	0	0	0	0	10	0	0	0	2	0	0	0	0	0	0	0	1	3	0	3	1	0	0	0	0	0	0	3	0	0	0	0	0	0
121	0	0	0	0	0	0	0	0	0	0	0	0	0	0	0	0	0	0	5	5	0	0	5	0	0	5	0	0	0	0	0	0	0	0	0	0	0	0	0	0	0	0	0	0	0	0	0	0	0	0	0	0	0	0	0	0	0	0	0
122	3	2	0	0	0	0	0	0	0	0	0	0	3	0	0	0	0	0	10	0	0	0	0	0	0	0	0	0	0	10	0	0	1	0	0	3	0	0	1	1	1	0	1	3	3	1	0	0	0	2	0	0	1	0	0	0	0	3	1
123	0	0.5	2	2.5	1	2.5	3	0.5	0	0	1	2	0	0	0	0	1	0	0	3	6	0	0	0	0	0	0	0	10	0	0	0	3	1	0	1.5	0	2	1.5	3	1	0	2	3	3	0.5	0	1	0	3	1	0	1	0	1	0	0	1	0
124	3	2	1	0	0	3	2	0	0	0	0	2	2	1	1	0	5	0	0	5	0	0	3	0	0	3	3	1	0	0	0	0	0	0	0	3	0	1	1	1	3	0	3	0	2	1	0	3	0	2	0	0	1	0	0	0	0	3	0
125	3	0	0	0	0	0	0	2	3	0	0	0	3	1	0	0	1.7	0	5	3.3	0	0	0	0	0	0	10	0	0	0	0	0	0	1	0	3	0	0	1	1	3	0	1	3	3	0	0	0	0	0	1	0	3	0	0	0	0	1	2
126	2	2	1	0	0	2	3	2	0	0	0	0	0	3	1	0	0	0	5	5	0	0	0	0	0	0	0	0	0	10	0	0	0	0	0	3	0	0	1	0	3	0	3	0	3	0	0	0	0	3	0	0	2	0	0	0	0	1	3
127	3	2	1	0	2	3	3	1	0	0	0	0	0	3	2	0	0	0	8	2	0	0	0	0	0	7	3	0	0	0	0	0	2	1	0	3	0	0	1	0	1	1	3	1	2	3	0	3	0	0	0	0	1	0	0	2	0	0	2
128	3	1	0	0	0	0	5	4	1	0	0	3	0	0	0	0	0	8	0	2	0	0	5	0	0	0	5	0	0	0	0	0	1	1	0	0	0	1	2	1	2	0	0	1	1	0	1	0	0	0	0	0	0	0	0	0	0	0	3
129	3	1	0	0	0	1	5	4	0	0	0	3	0	0	0	0	0	6	0	4	0	0	5	0	0	0	5	0	0	0	0	0	1	1	0	0	0	1	2	1	2	0	0	1	1	0	0	0	0	0	1	0	0	0	0	0	0	0	3
130	1	2	1	0	0	1	3	1	0	0	0	3	0	0	0	0	0	6	0	4	0	0	7	0	0	0	3	0	0	0	0	0	1	2	0	0	0	2	2	1	2	0	0	3	3	0	0	0	3	0	0	0	0	0	1	0	0	0	3
131	0	2	3	2	1	2	3	1	0	0	0	3	1	0	0	0	0	6	0	4	0	0	5	0	0	0	5	0	0	0	0	0	1	2	0	0	0	3	2	1	3	0	2	3	3	0	0	0	1	3	0	0	0	0	2	0	0	0	2
132	1	3	0	0	0	1	2	2	0	0	0	3	0	0	0	0	0	6	0	4	0	0	0	0	0	0	10	0	0	0	0	0	1	2	0	0	0	1	2	1	2	0	1	3	3	0	0	0	3	0	0	0	0	0	3	0	0	0	0
133	3	3	1	0	1	4	5	0	0	0	2	3	0	0	0	0	0	0	0	7	0	3	0	0	0	0	10	0	0	0	0	0	1	1	0	0	0	2	1	1	1	0	1	0	1	0	0	0	0	0	1	0	0	0	5	0	0	5	0
134	3	3	1	0	0	1	6	3	0	0	2	3	0	0	0	0	0	0	0	0	0	10	0	0	0	0	10	0	0	0	0	0	1	1	0	0	0	2	1	1	1	0	1	3	1	0	0	0	0	0	1	0	0	0	2	0	0	1	2
135	3	3	1	0	0	0	7	3	0	0	2	3	0	0	0	0	0	0	0	0	0	10	0	0	0	0	10	0	0	0	0	0	1	1	0	0	0	2	1	1	1	0	1	3	1	0	0	0	0	0	1	0	0	0	2	0	0	1	2
136	3	3	1	0	0	3	5	2	0	0	2	3	0	0	0	0	0	0	0	10	0	0	0	0	0	0	10	0	0	0	0	0	1	1	0	0	0	2	1	1	1	0	1	0	1	0	0	0	0	0	1	0	0	0	2	0	0	1	2
137	3	3	1	0	0	3	5	2	0	0	2	3	0	0	0	0	0	0	0	10	0	0	0	0	0	0	10	0	0	0	0	0	1	1	0	0	0	2	1	1	1	0	1	3	1	0	0	0	0	0	1	0	0	0	10	0	0	0	0
138	3	3	1	0	0	1	6	3	0	0	2	3	0	0	0	0	0	0	0	0	0	10	0	0	0	0	10	0	0	0	0	0	1	1	0	0	0	2	1	1	1	0	1	3	1	0	0	0	0	0	1	0	0	0	2	0	0	1	2
139	0	3	3	1	0	2	5	3	0	0	0	3	0	0	0	0	0	2	0	8	0	0	5	0	0	0	5	0	0	0	0	0	1	1	0	0	0	2	3	1	3	0	1	0	1	0	0	0	0	0	1	0	0	0	2	0	0	8	0
140	1	3	2	0	1	1	3	1	0	0	0	0	0	3	0	0	0	1	7	2	0	0	0	0	0	0	2	8	0	0	0	0	1	3	0	0	0	1	1	1	3	3	1	0	1	3	0	0	3	1	0	0	0	0	2	0	0	3	0
141	1	2	3	2	2	4	4	0	0	0	0	0	3	0	0	0	0	2	0	8	0	0	5	0	0	0	5	0	0	0	0	0	1	1	0	0	0	3	1	1	3	0	1	0	1	0	0	0	0	0	1	0	0	0	2	0	0	1	2
142	0	0	1	3	2	3	1	0	0	0	0	0	3	0	0	0	0	0	0	7	0	3	9	0	0	0	1	0	0	0	0	0	1	3	0	0	0	2	1	1	3	0	3	0	3	0	0	0	3	0	0	0	0	0	1	0	0	1	3
143	0	2	3	2	0	2	6	2	0	0	0	0	3	0	0	0	0	4	0	6	0	0	5	0	0	0	5	0	0	0	0	0	1	1	0	0	0	3	1	1	3	0	1	0	1	0	0	0	0	0	1	0	0	0	1	0	0	2	2
144	0	0	2	3	0	3	5	2	0	0	0	1	3	0	0	0	0	0	0	10	0	0	10	0	0	0	0	0	0	0	0	0	1	1	0	0	0	3	2	1	3	0	1	0	1	0	0	0	0	0	1	0	0	0	2	0	0	0	2
145	0	3	0	0	0	3	4	3	0	0	0	3	0	0	0	0	0	2.5	0	7.5	0	0	2	0	0	0	8	0	0	0	0	0	1	1	0	0	0	1	1	1	1	0	1	0	1	0	0	1	3	0	0	0	0	0	0	0	0	10	0
146	2	3	2	1	0	0	3	2	0	0	0	0	3	0	0	0	0	0	3	5	0	2	0	0	0	0	9	1	0	0	0	0	1	3	0	0	0	2	1	1	3	0	3	0	3	0	0	0	1	0	0	0	0	0	0	0	0	1	2
147	3	3	0	0	1	3	5	1	0	0	0	0	3	0	0	0	0	7	0	3	0	0	0	0	0	0	10	0	0	0	0	0	1	1	0	0	0	1	2	1	3	0	1	0	1	0	0	0	0	0	1	0	0	0	0	0	0	10	0
148	1	1	3	2	1	2	2	2	0	0	0	3	3	0	0	0	0	0	0	10	0	0	10	0	0	0	0	0	0	0	0	0	3	0	0	0	0	2	1	1	0	0	3	0	3	0	0	0	0	3	0	0	0	0	0	0	0	0	2
149	3	2	0	0	0	0	3	2	0	0	0	3	1	0	0	0	0	0	2	8	0	0	3	0	0	0	2	5	0	0	0	0	1	3	0	0	0	2	1	0	0	0	3	0	3	3	0	0	0	3	0	0	0	0	0	0	0	1	1
150	2	3	3	0	0	0	2	2	1	0	3	2	0	0	0	0	0	0	0	10	0	0	2	0	0	2	3	0	0	0	0	3	1	3	0	0	0	3	2	2	0	0	1	3	3	1	3	0	0	0	0	0	0	0	0	0	0	1	0
151	1	1	2	0	1	1	2	1	1	0	0	0	3	1	0	0	0	0	3	7	0	0	3	0	0	3	2	0	0	0	0	2	3	0	0	0	0	2	1	0	0	0	0	3	3	0	0	0	0	3	0	0	0	0	0	0	0	1	0
152	3	3	1	0	0	1	3	0	0	0	0	0	0	3	3	0	0	0	0	10	0	0	4	0	0	4	0	0	0	0	0	2	3	0	0	0	0	2	2	0	0	1	3	0	3	2	0	0	0	3	1	0	0	0	0	0	0	2	0
153	3	3	0	0	0	1	3	2	0	0	0	0	1	3	0	0	0	0	0	10	0	0	3	0	0	3	2	0	0	0	0	2	3	0	0	0	0	2	1	0	0	0	3	0	2	3	0	0	0	3	0	0	0	0	0	0	0	2	0
154	3	3	0	0	0	1	3	2	0	0	0	0	1	3	0	0	0	0	0	10	0	0	3	0	0	2	3	0	0	0	0	2	3	0	0	0	0	2	1	0	0	0	3	0	2	3	0	0	0	3	0	0	0	0	0	0	0	2	0
155	3	3	0	0	0	1	3	2	0	0	0	0	1	3	0	0	0	0	0	10	0	0	5	0	0	2	3	0	0	0	0	0	3	0	0	0	0	2	1	0	0	0	3	0	2	3	0	0	0	3	0	0	0	0	0	0	0	2	0
156	3	1	0	0	0	2	3	1	0	0	0	0	0	3	0	0	0	0	0	10	0	0	4	0	0	2	2	0	0	0	0	2	3	0	0	0	0	2	1	0	0	0	3	1	3	0	0	0	0	3	0	0	0	0	0	0	0	1	0
157	0	2	3	2	0	1	3	0	0	0	0	3	1	0	0	0	0	0	0	10	0	0	10	0	0	0	0	0	0	0	0	0	1	3	0	0	0	2	1	0	0	0	3	0	3	1	0	0	3	0	0	0	0	0	0	0	0	1	0
158	3	1	0	0	0	1	3	2	0	0	0	1	3	0	0	0	0	0	0	10	0	0	6	0	0	2	0	0	0	0	0	2	3	1	0	0	0	2	1	0	0	0	3	0	3	1	0	0	0	3	0	0	0	0	0	0	0	1	1
159	3	3	0	0	0	0	2	3	1	0	0	0	3	0	0	0	0	0	0	10	0	0	4	0	0	2	2	0	0	0	0	2	3	0	0	0	0	2	1	0	0	0	3	0	3	0	0	0	0	3	0	0	0	0	0	0	0	1	1
160	3	1	0	0	0	1	3	1	0	0	0	3	2	0	0	0	0	0	0	10	0	0	5	0	0	3	0	0	0	0	0	2	3	0	0	0	0	2	1	0	0	0	3	0	3	0	0	0	0	3	0	0	0	0	1	0	1	3	0
161	2	2	0	0	0	1	2	2	0	0	3	0	0	0	0	0	0	0	0	10	0	0	4	0	0	4	0	0	0	0	0	2	3	0	0	0	0	2	1	1	0	0	3	0	3	0	0	0	0	3	0	0	0	0	0	0	0	0	2
162	3	2	1	0	0	2	2	1	0	0	0	3	0	0	0	0	0	0	0	10	0	0	6	0	0	2	0	0	0	0	0	2	3	0	0	0	0	2	2	0	0	0	3	0	3	1	0	0	0	3	0	0	0	0	0	0	0	1	1
163	3	2	1	0	0	2	2	1	0	0	0	3	0	0	0	0	0	0	0	10	0	0	6	0	0	2	0	0	0	0	0	2	3	0	0	0	0	2	2	0	0	0	3	0	3	1	0	0	0	3	0	0	0	0	0	0	0	1	1
164	3	0	0	0	0	2	2	1	0	0	1	3	0	0	0	0	0	0	0	10	0	0	6	0	0	2	0	0	0	0	0	2	3	0	0	0	0	2	1	0	0	0	3	0	3	0	0	0	0	3	0	0	0	0	0	0	0	1	0
165	3	1	0	0	0	0	1	1	0	1	2	0	0	0	0	0	0	0	0	10	0	0	10	0	0	0	0	0	0	0	0	0	3	0	0	0	0	2	1	0	0	0	3	1	3	0	0	0	0	3	0	0	0	0	0	0	0	0	0
166	3	1	0	0	0	1	3	1	0	0	0	0	3	0	0	0	0	0	0	10	0	0	6	0	0	2	0	0	0	0	0	2	3	2	0	0	0	2	1	0	0	0	3	1	3	0	0	0	0	3	0	0	0	0	0	0	1	1	0
167	3	3	0	0	0	1	3	1	0	0	2	3	0	0	0	0	0	0	0	10	0	0	10	0	0	0	0	0	0	0	0	0	1	3	0	0	0	2	1	0	0	0	3	0	3	2	0	0	0	3	0	0	0	0	0	0	0	1	1
168	3	3	0	0	0	1	3	1	0	0	2	3	0	0	0	0	0	0	0	10	0	0	0	0	0	0	10	0	0	0	0	0	1	3	0	0	0	2	1	0	0	0	3	0	3	2	0	0	0	3	0	0	0	0	0	0	0	1	1
169	2.3	1.1	0.1	0	0	1.3	1.1	1.8	0	0	0.1	2.9	0.4	0	0	0	0	9	0	0	0	1	3	0	0	0	7	0	0	0	0	0	1	0	2	3	0	0.4	2.1	0.4	2.3	0	1.5	1.4	3	0.3	0	0	1	2.9	0	0.5	0	0	0	0	0	1	0
170	2	1	1	0	0	2	2	1	0	3	1	0	0	0	0	0	0	7	0	0	0	3	0	0	0	0	10	0	0	0	0	0	1	0	1	1	0	3	1	0	0	0	0	2	3	0	0	0	3	2	0	0	0	0	0	0	0	1	0
171	3	3	1	1	0	1	2	2	0	0	0	1	3	0	0	0	10	0	0	0	0	0	0	0	0	0	0	0	0	10	0	0	0	0	0	3	0	1	2	0	3	0	2	3	2	3	0	0	1	2	0	0	3	0	2	0	0	3	1
172	3	3	0	0	0	0	2	3	0	0	0	1	3	0	0	0	10	0	0	0	0	0	0	0	0	0	0	0	0	10	0	0	0	0	0	3	0	1	3	0	1	0	3	1	3	0	0	0	1	0	0	3	0	0	0	0	0	3	0
173	3	2	0	0	0	1	2	2	0	0	0	0	3	0	0	0	0	8	0	0	0	2	0	0	0	0	0	0	0	10	0	0	0	0	3	3	0	0	3	0	3	0	2	0	3	0	0	0	0	0	0	3	0	0	0	0	0	1	0
174	3	2	0	0	0	1.5	2	1	0	0	0	0	3	0	0	0	0	8	0	0	0	2	0	0	0	0	0	0	0	10	0	0	0	0	1.5	3	0	0.5	3	0	2.5	0	1.5	0.5	3	0	0	0	0.5	0	0	3	0	0	0	0	0	1	0
175	3	2	0	0	0	0	3	1	0	0	0	0	3	2	0	0	0	1	0	6	0	3	0	0	0	0	0	0	0	10	0	0	1	0	1	3	0	1	3	0	2	0	3	0	3	1	0	0	0	0	0	3	0	0	2	0	0	0	2
176	3	1	0	0	0	0	3	0	0	0	0	0	0	3	0	0	0	2	0	2	0	6	0	0	0	0	0	0	0	10	0	0	1	0	0	3	0	1	3	0	2	0	3	0	2	2	0	0	0	0	0	3	0	0	2	0	0	2	0
177	3	1	0	0	0	1	3	0	0	0	0	0	3	0	0	0	0	5	0	5	0	0	0	0	0	0	0	0	0	10	0	0	1	0	1	3	0	0	2	0	3	0	3	0	3	2	0	0	0	1	0	3	0	0	1	0	0	3	0
178	3	1	0	0	0	0	2	1	0	1	3	0	0	0	0	0	0	5	0	5	0	0	0	0	0	0	0	0	0	10	0	0	0	0	0	3	0	0	2	0	2	0	3	0	3	0	0	0	0	0	0	3	0	0	0	0	0	1	0
179	3	1	0	0	0	0	2	1	0	3	0	0	0	0	0	0	0	0	0	8	0	2	0	0	0	0	0	0	0	3	0	7	0	0	0	3	0	1	2	1	1	0	2	3	3	0	0	0	0	3	0	0	2	0	0	0	0	3	0
180	1.7	1.3	1.7	0.7	0	0	2	2.7	1	0	0	0	0	2	0	1	0	0.6	1.9	6.2	1.3	0	0	0	0	0	0	0	0	10	0	0	3	0	0	0	0	1	1	0.7	0	1.7	2	0	0.7	3	0	0	0	3	0	0	0	0	0	0	0	0	3
181	2	2	2	1	0	1	3	2	0	0	0	0	3	3	0	0	0	0	0	7.5	2.5	0	0	0	0	0	0	0	0	10	0	0	3	0	0	0	0	1	1	0	0	0	3	0	1	3	2	0	0	0	1	0	0	0	0	3	0	0	0
182	2	2	1	0	0	0	1	1	0	0	0	0	0	1	3	0	0	0	0	10	0	0	0	0	0	0	0	0	0	0	10	0	3	0	0	0	0	2	1	2	0	0	3	0	0	3	2	0	0	0	1	0	0	0	0	3	0	0	0
183	2	3	1	0	0	0	1	2	0	0	0	3	1	0	0	0	0	0	1.7	6.7	1.7	0	0	0	0	0	0	0	0	10	0	0	3	0	0	0	0	1	1	0	0	0	3	0	3	1	2	0	0	0	1	0	0	0	0	0	0	0	3
184	3	1	0	0	0	0	3	1	0	0	0	0	3	0	0	0	0	0	0	5	5	0	0	0	0	0	0	0	0	0	10	0	3	0	0	0	0	3	1	0	0	0	1	0	0	0	2	0	0	0	1	0	0	0	0	3	0	0	0
185	3	3	2	0	0	0	3	2	0	0	0	0	0	3	0	0	0	0	0	5	5	0	0	0	0	0	0	0	0	0	10	0	3	0	0	0	0	2	1	3	0	0	3	0	0	3	2	0	0	0	1	0	0	0	0	3	0	0	0
186	0	3	3	2	0	0	3	1	0	0	0	0	0	2	3	0	0	2	0	4	4	0	0	0	0	0	0	0	0	0	10	0	3	0	0	0	0	3	2	0	0	0	3	0	3	0	0	0	3	2	0	0	0	0	0	3	0	0	0
187	0	0	0	0	0	0	0	0	0	3	3	0	0	0	0	0	3	0	0	3	3	1	0	0	0	0	0	0	0	7	3	0	0	0	0	0	0	3	1	1	0	0	2	1	3	0	0	0	3	3	0	0	0	0	0	0	0	0	0
188	0	2	2	2	0	0	0	0	0	0	0	3	0	0	0	0	0	2	0	0	8	0	0	0	0	0	0	0	0	0	10	0	3	0	0	3	0	0	0	0	3	0	3	0	3	0	0	0	3	0	0	0	0	0	0	0	0	3	0
189	3	3	0	0	0	0	2	3	1	0	0	0	3	0	0	0	0	5	0	5	0	0	3	0	0	3	4	0	0	0	0	0	0	3	0	0	0	3	0	0	0	0	1	3	3	1	3	0	0	0	0	0	0	0	0	0	0	2	2
190	2	3	0	0	0	1	3	1	0	0	0	3	0	0	0	0	0	2	0	6	2	0	0	0	0	10	0	0	0	0	0	0	3	0	0	1	0	0	2	0	2	0	2	2	0	2	0	0	0	3	0	0	0	0	0	3	0	3	0
191	3	2	0	0	0	0	1	1	0	0	0	0	3	0	0	0	0	5	0	5	0	0	0	0	0	10	0	0	0	0	0	0	2	0	2	2	0	1	0	0	3	0	0	3	3	0	0	0	0	3	0	0	0	0	0	3	0	3	0
192	3	3	0	0	0	1	3	1	0	0	0	0	3	2	0	0	0	0	0	5	5	0	0	0	0	10	0	0	0	0	0	0	2	3	0	2	0	0	0	0	3	0	2	0	3	0	0	0	0	3	0	0	0	0	0	3	0	3	0
193	3	3	0	0	0	1	3	1	0	0	0	0	3	2	0	0	0	0	0	5	5	0	0	0	0	10	0	0	0	0	0	0	2	0	2	2	0	1	0	0	3	0	0	3	3	0	0	0	0	3	0	0	0	0	0	3	0	3	0
194	3	3	0	0	0	1	3	1	0	0	0	0	3	2	0	0	0	0	0	0	0	0	0	0	0	10	0	0	0	0	0	0	1	0	2	3	0	0	0	0	3	0	3	0	3	0	0	0	0	3	0	0	0	0	0	3	0	3	0
195	3	3	2	0	0	0	3	3	0	0	0	0	3	2	0	0	0	4	0	6	0	0	0	0	0	0	0	0	0	10	0	0	0	3	0	1	0	0	2	0	1	3	1	0	0	3	0	0	0	3	0	0	3	0	0	0	0	0	0
196	3	3	2	0	0	0	3	3	0	0	0	0	3	2	0	0	0	4	2	4	0	0	0	0	0	0	0	0	0	10	0	0	0	3	0	1	0	0	2	0	1	3	1	0	0	3	0	0	0	3	0	0	3	0	0	0	0	0	0
197	3	3	2	0	0	0	3	3	0	0	0	0	3	2	0	0	0	1.3	3.8	5	0	0	0	0	0	0	0	0	0	10	0	0	0	3	0	1	0	0	2	0	1	3	1	0	0	3	0	0	0	3	0	0	3	0	0	0	0	0	0
198	3	3	1	1	0	0	3	2	0	0	3	0	0	0	0	0	0	0	0	5	5	0	0	0	0	0	0	0	0	0	10	0	0	3	0	2	0	2	2	0	2	0	2	2	3	0	0	1	0	0	1	0	3	0	0	3	0	3	0
199	1	1	0	0	0	0	0	0	0	0	0	3	1	0	0	0	0	10	0	0	0	0	1.7	0	0	0	3.3	0	0	5	0	0	0	3	0	0	0	3	1	0	0	0	0	3	3	0	3	0	0	0	0	0	0	0	0	0	0	0	0
200	0	0	0	0	0	0	0	0	0	0	0	0	0	0	0	0	0	0	0	0	0	0	0	0	0	0	0	0	0	10	0	0	0	0	0	0	0	0	0	0	0	0	0	0	0	0	0	0	0	0	0	0	0	0	0	0	0	0	0
201	3	0	0	0	0	1	3	1	0	0	0	0	0	0	3	0	0	4	0	6	0	0	0	0	0	0	0	0	0	10	0	0	1	3	0	0	0	0	1	0	3	1	3	0	2	2	0	0	0	0	0	3	2	0	2	0	0	2	2
202	3	1	0	0	0	1	3	1	0	0	0	0	0	2	3	0	0	0	0	10	0	0	0	0	0	0	0	0	0	10	0	0	1	3	0	0	0	1	1	0	3	3	1	0	1	3	0	2	0	0	0	3	3	0	2	0	0	1	0
203	3	0.5	0	0	0	1	3	1	0	0	0	0	0	1	3	0	0	2	0	8	0	0	0	0	0	0	0	0	0	10	0	0	1	3	0	0	0	0.5	1	0	3	2	2	0	1.5	2.5	0	1	0	0	0	3	2.5	0	2	0	0	1.5	1
204	1	2	2	1	0	1	3	2	0	0	0	0	1	3	1	0	0	5	0	5	0	0	0	0	0	0	0	0	0	10	0	0	1	3	0	0	0	2	1	0	2	1	3	0	2	2	0	0	0	0	0	3	0	0	0	0	0	2	2
205	3	2	1	1	0	1	2	2	0	0	0	0	3	0	0	0	0	4	0	6	0	0	0	0	0	0	0	0	0	10	0	0	1	3	0	0	0	2	1	0	3	1	3	1	3	1	0	0	0	0	0	3	0	0	0	0	0	2	2
206	3	2	1	1	0	1	2	2	0	0	0	0	3	0	0	0	0	5	0	5	0	0	0	0	0	0	0	0	0	10	0	0	1	3	0	0	0	2	1	0	3	1	3	1	3	1	0	0	0	0	0	3	0	0	0	0	0	2	2
207	3	2	1	1	0	1	2	2	0	0	0	0	3	0	0	0	0	0	0	10	0	0	0	0	0	0	0	0	0	10	0	0	1	3	0	0	0	2	1	0	3	1	3	1	3	1	0	0	0	0	0	3	0	0	0	0	0	2	2
208	3	2	0	0	0	1	3	1	0	0	0	0	3	0	0	0	0	4	0	6	0	0	0	0	0	0	0	0	0	10	0	0	1	3	0	0	0	1	1	0	3	1	3	0	2	1	0	0	0	0	0	3	0	0	0	0	0	0	3
209	3	2	0	0	0	1	3	1	0	0	0	0	3	3	0	0	0	2	0	3	0	5	0	0	0	0	0	0	0	10	0	0	1	3	0	0	0	0	1	0	3	2	2	1	1	3	0	0	0	0	0	3	0	0	0	0	0	0	3
210	3	2	0	0	0	1	3	1	0	0	0	0	3	3	0	0	0	4	0	6	0	0	0	0	0	0	0	0	0	10	0	0	1	3	0	0	0	0	1	0	3	2	2	1	1	3	0	0	0	0	0	3	0	0	0	0	0	0	3
211	3	1.9	0.7	0.6	0	1.1	2.6	1.5	0	0	0	0	3	0.8	0	0	0	5	0	5	0	0	0	0	0	0	0	0	0	10	0	0	1	3	0	0	0	1.3	1	0	3	1.3	2.5	1	2.4	1.5	0	0	0	0	0	3	0	0	0	0	0	1	2.5
212	3	1	0	0	0	1	3	1	0	0	0	0	3	0	0	0	0	4	0	6	0	0	0	0	0	0	0	0	0	10	0	0	1	3	0	0	0	1	1	0	3	0	2	2	3	0	0	0	0	0	0	3	0	0	0	0	0	2	2
213	3	2	1	0	0	2	3	2	0	0	0	0	3	0	0	0	0	0	0	10	0	0	0	0	0	0	0	0	0	10	0	0	1	3	0	0	0	2	1	0	3	2	2	1	3	2	0	0	0	0	0	3	0	0	0	0	0	0	3
214	1	2	3	0	0	1	3	2	0	0	0	0	0	3	0	0	0	2	5	3	0	0	0	0	0	0	0	0	0	10	0	0	1	3	0	0	0	2	0	0	3	3	0	0	0	3	0	1	3	0	0	0	0	0	3	0	0	0	0
215	1	2	2	0	0	2	3	1	0	0	0	0	0	3	0	0	0	5	0	5	0	0	0	0	0	0	0	0	0	10	0	0	1	3	0	0	0	2	1	0	3	3	1	0	0	3	0	1	3	0	0	0	0	0	3	0	0	0	0
216	2	3	0	0	0	1	3	2	0	0	0	0	0	3	0	0	0	4	0	6	0	0	0	0	0	0	0	0	0	10	0	0	1	2	0	0	0	1	1	0	3	0	3	1	1	0	0	0	0	0	0	3	2	0	3	0	0	0	1
217	3	1.6	0.4	0	0	0.6	3	1.4	0	0	0	0	1.4	1.8	0	0	0	2	2.8	5.2	0	0	0	0	0	0	0	0	0	10	0	0	1	3	0	0	0	0.4	0.8	0	3	1.8	1.2	0.6	1.2	1.8	0	2	2	0	0	0	0.2	0	0.6	0	0	0.4	1.4
218	3	0	0	0	0	1	3	1	0	0	0	0	3	0	0	0	0	4	0	6	0	0	0	0	0	0	0	0	0	10	0	0	1	3	0	0	0	0	1	0	3	0	1	2	1	0	0	2	2	0	0	0	0	0	1	0	0	0	2
219	3	2	0	0	0	0	3	2	0	0	0	0	0	3	0	0	0	0	6	4	0	0	0	0	0	0	0	0	0	10	0	0	1	3	0	0	0	0	1	0	3	3	1	0	1	3	0	2	3	0	0	0	0	0	0	0	0	0	1
220	3	2	0	0	0	0	3	2	0	0	0	0	0	3	0	0	0	0	6	4	0	0	0	0	0	0	0	0	0	10	0	0	1	3	0	0	0	0	1	0	3	3	1	0	1	3	0	2	3	0	0	0	0	0	0	0	0	0	1
221	3	2	1	0	0	1	3	1	0	0	0	0	1	3	0	0	0	2	2	6	0	0	0	0	0	0	0	0	0	10	0	0	1	3	0	0	0	1	1	0	3	3	0	0	0	3	0	1	2	0	0	0	0	0	0	0	0	2	0
222	3	2	1	0	0	1	3	1	0	0	0	0	3	0	0	0	0	4	0	6	0	0	0	0	0	0	0	0	0	10	0	0	1	3	0	0	0	1	0	0	3	0	3	1	3	0	0	3	0	0	0	0	1	0	2	0	0	0	3
223	2	3	1	0	0	1	3	2	0	0	0	0	3	0	0	0	0	4	0	6	0	0	0	0	0	0	0	0	0	10	0	0	1	3	0	0	0	1	1	0	3	2	3	0	0	2	0	0	0	0	0	3	0	0	0	0	0	2	2
224	1	2	2	2	2	3	2	0	0	0	0	3	1	0	0	0	0	0	5	5	0	0	3	0	0	3	4	0	0	0	0	0	3	0	0	0	0	2	2	0	1	1	3	0	3	1	0	0	3	0	0	0	0	0	1	0	0	0	3
225	0	1	3	2	2	3	1	0	0	0	0	1	3	0	0	0	0	0	2	8	0	0	1	0	0	1	1	0	0	7	0	0	3	0	0	0	0	2	2	0	2	2	3	0	1	3	0	0	1	2	0	0	0	0	2	0	0	1	1
226	0.5	1.5	2.3	1.3	2	2.5	0.5	0	0	0	0.5	3	0.3	0	0	0	0	0	0	5	0	5	0	0	0	7	3	0	0	0	0	0	3	1	0	0	0	2.3	2	0	1.3	0.8	2.8	0	2.8	0.8	0	0	2.8	0.8	0	0	0	0	0.5	0	0	1.3	2.5
227	0	0	3	2	1	3	3	0	0	0	0	1	3	0	0	0	0	0	2.9	7.1	0	0	7	0	0	0	3	0	0	0	0	0	3	0	0	0	0	2	2	0	1	0	3	0	3	0	0	0	3	0	0	0	0	0	1	0	0	2	0
228	3	2	0	0	0	0	2	1	0	0	0	0	1	2	0	0	0	2.5	5	0	2.5	0	0	0	0	0	0	10	0	0	0	0	1	3	0	0	0	3	1	0	0	0	0	3	3	0	0	1	0	0	3	0	0	1	0	0	0	0	3
229	1	3	1	0	0	3	1	1	0	0	1	3	0	0	0	0	0	0	0	10	0	0	10	0	0	0	0	0	0	0	0	0	2	3	0	0	0	0	1	1	1	0	3	0	2	0	0	0	0	2	1	0	0	0	0	0	0	0	0
230	0	2	2	1	4	5	1	0	0	0	0	3	0	0	0	0	0	0	0	2.5	7.5	0	8	0	0	0	2	0	0	0	0	0	1	0	0	0	0	1	2	1	1	0	3	1	1	0	0	0	0	1	0	0	0	0	0	5	5	0	0
231	0	2	2	1	1	5	3	1	0	0	0	3	0	0	0	0	0	0	0	2.5	7.5	0	8	0	0	0	2	0	0	0	0	0	1	0	0	0	0	1	2	1	1	0	3	1	1	0	0	0	0	1	0	0	0	0	0	5	5	0	0
232	0	2	3	1	0	5	4	1	0	0	0	3	1	0	0	0	0	0	0	2.5	7.5	0	8	0	0	0	2	0	0	0	0	0	1	0	0	0	0	1	2	1	1	0	2	1	1	0	0	0	0	1	0	0	0	0	0	5	5	0	0
233	1	2	3	1	0	1	3	2	0	0	0	0	3	0	0	0	0	0	0	8.3	1.7	0	9	0	0	0	1	0	0	0	0	0	2	3	0	0	0	1	1	1	2	0	3	0	3	0	0	0	2	0	0	0	0	0	0	0	0	0	3
234	0	1	3	2	1	3	5	1	0	0	0	3	1	0	0	0	0	0	0	5.7	4.3	0	9	0	0	0	1	0	0	0	0	0	1	1	0	0	0	1	1	1	2	0	3	0	3	0	0	0	0	3	0	0	0	0	0	0	0	0	3
235	0	1	3	2	1	2	3	0	0	0	0	3	1	0	0	0	0	0	0	5.7	4.3	0	9	0	0	0	1	0	0	0	0	0	1	1	0	0	0	1	1	1	2	0	3	0	3	0	0	0	0	3	0	0	0	0	0	0	0	0	3
236	0	1	3	1	0	1	5	4	0	0	0	1	3	1	0	0	0	0	0	5	5	0	2	0	0	0	0	0	5	3	0	0	1	1	0	0	0	3	2	1	3	0	1	0	3	0	0	0	0	1	0	0	0	0	0	0	0	0	3
237	0	1	3	1	0	0	2	8	0	0	0	1	3	1	0	0	0	0	0	5	4	1	0	0	0	0	1	0	8	1	0	0	1	1	0	0	0	3	2	1	3	0	1	0	3	0	0	0	0	1	0	0	0	0	0	0	0	0	3
238	0	1	3	1	0	0	2	8	0	0	0	1	3	1	0	0	0	0	0	0	10	0	2	0	0	0	0	0	5	3	0	0	1	1	0	0	0	3	2	1	3	0	2	2	3	0	0	0	0	1	0	0	0	0	0	0	0	0	3
239	0	1	3	1	0	2	5	3	0	0	0	1	3	1	0	0	0	0	0	4	6	0	2	0	0	0	0	0	5	3	0	0	1	1	0	0	0	3	2	1	3	0	2	2	3	0	0	0	0	3	0	0	0	0	0	0	0	0	3
240	0	1	3	1	1	4	5	0	0	0	0	1	3	1	0	0	0	0	0	4	6	0	2	0	0	0	0	0	5	3	0	0	1	1	0	0	0	3	2	1	3	0	1	0	1	0	0	0	0	1	0	0	0	0	0	0	0	0	3
241	0	1	3	1	0	2	5	3	0	0	0	1	3	1	0	0	0	0	0	3	7	0	2	0	0	0	0	0	5	3	0	0	1	1	0	0	0	3	2	1	3	0	1	0	1	0	0	0	0	1	0	0	0	0	0	0	0	0	3
242	0	1	3	1	0	2	6	2	0	0	0	1	3	1	0	0	0	0	0	4	6	0	2	0	0	0	0	0	5	3	0	0	1	1	0	0	0	3	2	1	3	0	1	0	1	0	0	0	0	1	0	0	0	0	0	0	0	0	3
243	3	3	0	0	0	0	5	5	0	0	3	1	0	0	0	0	0	0	0	10	0	0	0	0	0	0	0	0	0	0	0	10	1	1	0	0	0	1	1	1	1	0	0	1	3	0	0	0	0	3	0	0	0	0	0	0	0	0	3
244	1	3	2	0	0	1	3	2	0	0	3	1	0	0	0	0	0	0	0	8.3	1.7	0	4	4	0	0	1	0	0	1	0	0	3	1	0	0	0	1	1	2	1	0	2	3	3	0	0	0	0	3	0	0	0	0	0	0	0	0	3
245	3	3	0	0	0	1	3	1	0	0	3	0	0	0	0	0	0	0	0	0	10	0	0	0	0	0	0	0	0	0	0	10	3	1	0	0	0	1	1	2	1	0	1	3	3	0	0	0	0	3	0	0	0	0	0	0	0	0	3
246	2	3	2	0	0	1	3	1	0	1	3	0	0	0	0	0	0	0	0	10	0	0	0	0	0	0	0	0	0	0	0	10	3	0	0	0	0	1	1	2	1	0	1	3	3	0	0	0	0	3	0	0	0	0	0	0	0	0	3
247	0	2	3	1	3	1	0	0	0	3	1	0	0	0	0	0	0	0	0	10	0	0	10	0	0	0	0	0	0	0	0	0	3	0	0	0	0	1	1	2	1	0	0	3	3	0	0	0	0	3	0	0	0	0	0	0	0	0	3
248	1	3	1	0	0	0	6	4	0	0	0	2	2	0	0	0	0	0	0	10	0	0	0	0	0	5	3	0	0	2	0	0	1	1	0	0	0	2	1	1	3	0	1	0	1	0	0	0	0	1	0	0	0	0	0	0	0	0	3
249	1	3	1	0	0	0	8	2	0	0	0	2	2	0	0	0	0	0	0	10	0	0	0	0	0	5	3	0	0	2	0	0	1	1	0	0	0	2	1	1	3	0	1	0	1	0	0	0	0	1	0	0	0	0	0	0	0	0	3
250	1	3	1	0	0	1	7	2	0	0	0	2	2	0	0	0	0	0	0	10	0	0	0	0	0	3	3	0	0	4	0	0	1	1	0	0	0	2	1	1	3	0	1	0	1	0	0	0	0	1	0	0	0	0	0	0	0	0	3
251	1	3	1	1	0	1	3	2	0	0	0	2	3	0	0	0	0	0	0	10	0	0	1.4	0	0	4.3	1.4	0	0	1.4	1.4	0	1	1	0	0	0	2	1	1	3	0	3	1	3	1	0	0	0	0	0	0	0	0	0	0	0	2	2
252	1	3	1	1	0	1	7	2	0	0	0	2	3	0	0	0	0	0	0	10	0	0	0	0	0	5	5	0	0	0	0	0	1	1	0	0	0	2	1	1	3	0	1	0	1	0	0	0	0	1	0	0	0	0	0	0	0	2	2
253	1	3	1	1	0	1	3	2	0	0	0	2	3	0	0	0	0	0	0	10	0	0	0	0	0	5	5	0	0	0	0	0	2	3	0	0	0	2	1	1	3	0	3	1	3	1	0	0	0	3	1	0	0	0	0	0	0	2	2
254	1	3	1	0	0	0	5	5	0	0	0	3	0	0	0	0	0	2.5	0	7.5	0	0	5	0	0	5	0	0	0	0	0	0	1	1	0	0	0	1	1	1	2	0	1	0	1	0	0	0	0	0	0	1	0	0	0	0	0	0	3
255	1	3	1	0	0	0	5	5	0	0	0	3	0	0	0	0	0	5	0	5	0	0	5	0	0	5	0	0	0	0	0	0	1	1	0	0	0	1	1	1	2	0	1	0	1	0	0	0	0	0	0	1	0	0	0	0	0	0	3
256	2	3	1	0	0	0	3	2	0	0	0	3	1	0	0	0	0	0	0	10	0	0	2	0	0	2	5	0	0	1	0	0	3	1	0	0	0	1	1	1	2	0	3	0	3	0	0	0	0	3	0	0	0	0	0	0	0	0	3
257	2	3	2	0	0	0	3	2	0	0	0	3	1	0	0	0	0	2	0	8	0	0	0	0	0	0	0	0	0	10	0	0	1	1	0	0	0	1	1	1	3	0	1	0	1	0	0	0	0	0	0	1	0	0	0	0	0	0	3
258	2	3	2	0	0	0	6	4	0	0	0	3	1	0	0	0	0	0	0	5	5	0	0	0	0	0	0	0	0	10	0	0	1	1	0	0	0	1	1	1	3	0	1	0	1	0	0	0	0	0	0	1	0	0	0	0	0	0	3
259	2	3	2	0	0	0	3	2	0	0	0	3	1	0	0	0	0	0	0	5	5	0	0	0	0	0	0	0	0	10	0	0	1	1	0	0	0	1	1	1	3	0	1	0	1	0	0	0	0	1	0	0	0	0	0	0	0	0	3
260	1	3	2	0	0	1	7	2	0	0	0	0	2	3	0	0	0	0	0	10	0	0	2	0	0	5	1	0	0	2	0	0	1	1	0	0	0	3	2	0	3	0	1	0	3	0	0	0	0	0	0	0	1	0	0	0	0	3	1
261	0	2	3	3	1	4	4	1	0	0	0	0	3	2	0	0	0	0	0	5	5	0	3	0	0	4	2	0	0	1	0	0	1	1	0	0	0	0	1	0	3	0	1	0	3	0	0	0	0	0	0	0	1	0	0	0	0	2	1
262	2	3	0	0	0	1	2	2	0	0	0	0	3	1	0	0	0	0	0	10	0	0	1	0	0	6	0	0	0	3	0	0	2	2	0	0	0	1	1	0	3	1	3	0	3	1	0	0	0	1	0	0	3	0	0	0	0	3	0
263	1	3	2	2	1	3	3	0	0	0	0	0	0	3	0	0	0	3	0	7	0	0	1	0	0	7	0	0	0	2	0	0	1	1	0	0	0	1	2	0	3	0	1	0	3	0	0	0	0	3	0	0	0	0	0	0	0	1	3
264	3	3	1	0	0.2	0.3	0.4	0.1	0	0	0	0	0.6	0.4	0	0	0	0	0	10	0	0	2	0	0	5	1	0	0	2	0	0	1	1	0	0	0	0.4	1.3	0	2.4	0	1	0	1	0	0	0	0	1	0	0	0	0	0	0	0	0.8	1.9
265	3	3	1	0	2	2	3	1	0	0	0	0	3	2	0	0	0	0	0	5	5	0	2	0	0	5	0	0	0	3	0	0	1	1	0	0	0	0	1	0	2	0	3	0	3	0	0	0	0	0	0	0	1	0	0	0	0	0	2
266	3	3	1	0	2	2	3	1	0	0	0	0	3	2	0	0	0	0	0	5	5	0	2	0	0	5	0	0	0	3	0	0	1	1	0	0	0	0	1	0	2	0	3	0	3	0	0	0	0	0	0	0	1	0	0	0	0	0	2
267	3	3	1	0	2	2	3	1	0	0	0	0	3	2	0	0	0	0	0	5	5	0	2	0	0	5	0	0	0	3	0	0	1	1	0	0	0	0	1	0	2	0	3	0	3	0	0	0	0	0	0	0	1	0	0	0	0	0	2
268	3	3	1	0	0	0	7	3	0	0	0	0	3	2	0	0	0	0	0	5	5	0	2	0	0	5	0	0	0	3	0	0	1	1	0	0	0	0	1	0	2	0	3	0	3	0	0	0	0	0	0	0	1	0	0	0	0	0	2
269	3	3	1	0	2	2	3	1	0	0	0	0	3	2	0	0	0	0	0	5	5	0	2	0	0	5	0	0	0	3	0	0	1	1	0	0	0	0	1	0	2	0	1	0	3	0	0	0	0	0	0	0	1	0	0	0	0	0	2
270	3	3	1	0	2	2	3	1	0	0	0	0	3	2	0	0	0	0	0	5	5	0	2	0	0	5	0	0	0	3	0	0	1	1	0	0	0	0	1	0	2	0	1	0	1	0	0	0	0	0	0	0	1	0	0	0	0	0	2
271	3	3	1	0	0	2	6	2	0	0	0	0	3	2	0	0	0	0	0	5	5	0	2	0	0	5	0	0	0	3	0	0	1	1	0	0	0	0	1	0	2	0	3	0	3	0	0	0	0	0	0	0	1	0	0	0	0	0	2
272	3	3	1	0	0	2	6	2	0	0	0	0	3	2	0	0	0	0	0	5	5	0	2	0	0	5	0	0	0	3	0	0	1	1	0	0	0	0	1	0	2	0	3	0	3	0	0	0	0	0	0	0	1	0	0	0	0	0	2
273	3	3	2	2	3	5	2	0	0	0	0	0	3	2	0	0	0	0	0	5	0	0	8	0	0	1	0	0	0	1	0	0	1	1	0	0	0	0	2	0	2	0	3	0	1	0	0	0	0	1	0	0	0	0	0	0	0	0	3
274	1	3	2	2	1	3	3	0	0	0	0	0	3	2	0	0	0	0	0	5	0	0	2	0	0	6	0	0	0	2	0	0	1	1	0	0	0	0	2	0	3	0	3	0	1	0	0	0	0	1	0	0	0	0	0	0	0	2	2
275	0	0	0	0	0	0	0	0	0	0	0	0	0	0	0	0	0	0	0	0	0	0	2	0	0	6	0	0	0	2	0	0	1	1	0	0	0	0	0	0	0	0	0	0	0	0	0	0	0	0	0	0	0	0	0	0	0	0	0
276	0	0	0	0	0	0	0	0	0	0	0	0	0	0	0	0	0	0	0	0	0	0	2	0	0	6	0	0	0	2	0	0	1	1	0	0	0	0	0	0	0	0	1	0	0	0	0	0	0	0	0	0	0	0	0	0	0	0	0
277	0	0	0	0	0	0	0	0	0	0	0	0	0	0	0	0	0	0	0	0	0	0	2	0	0	6	0	0	0	2	0	0	1	1	0	0	0	0	0	0	0	0	0	0	0	0	0	0	0	0	0	0	0	0	0	0	0	0	0
278	0	0	0	0	5	4	1	0	0	0	0	0	0	0	0	0	0	0	0	0	0	0	2	0	0	6	0	0	0	2	0	0	1	1	0	0	0	0	0	0	0	0	0	0	0	0	0	0	0	0	0	0	0	0	0	0	0	0	0
279	3	2	0	0	0	3	3	0	0	0	0	0	0	3	0	0	0	0	0	10	0	0	1	0	0	2	1	0	0	6	0	0	1	1	0	0	0	2	2	1	3	0	1	0	1	0	0	0	0	0	0	1	0	0	0	0	0	0	10
280	3	2	0	0	0	3	3	0	0	0	0	0	1	3	0	0	0	0	0	10	0	0	0	0	0	3	1	0	0	6	0	0	1	1	0	0	0	1	3	1	2	0	1	0	1	0	0	0	0	1	0	0	0	0	0	0	0	0	10
281	3	3	0	0	0	0	6	4	0	0	0	3	1	0	0	0	0	0	0	0	10	0	0	0	0	0	0	0	1	9	0	0	1	0	0	0	0	2	1	1	1	0	2	3	1	0	0	0	0	3	0	0	0	0	0	0	0	0	3
282	3	3	0	0	0	0	5	5	0	0	0	1	3	0	0	0	0	0	0	0	10	0	0	0	0	0	0	0	1	9	0	0	1	0	0	0	0	1	1	1	2	0	2	3	3	0	0	0	0	3	0	0	0	0	0	0	0	0	3
283	2	3	0	0	1	3	4	2	0	0	0	0	3	2	0	0	0	3	0	7	0	0	0	0	0	0	0	0	1	9	0	0	1	0	0	0	0	2	1	1	2	0	1	0	1	0	0	0	0	2	1	0	0	0	0	0	0	0	3
284	2	3	2	0	1	3	3	1	0	0	0	1	3	0	0	0	0	2	0	2	6	0	0	0	0	0	0	0	1	9	0	0	3	0	0	0	0	1	1	1	2	1	3	2	3	1	0	0	0	3	0	0	0	0	0	0	0	1	3
285	1	3	2	1	0	1	3	1	0	0	0	1	3	0	0	0	0	2	0	2	6	0	0	0	0	0	0	0	1	9	0	0	3	0	0	0	0	3	1	1	2	0	0	3	3	0	0	0	0	3	0	0	0	0	0	0	0	0	3
286	1	3	1	0	0	1	3	1	0	0	0	3	1	0	0	0	0	0	0	5	5	0	8	0	2	0	0	0	0	0	0	0	1	0	0	0	0	1	1	1	1	0	0	3	3	0	0	0	0	1	0	0	0	0	0	0	0	0	3
287	1	3	2	1	0	1	3	2	0	0	1	3	0	0	0	0	0	0	0	3.3	6.7	0	6	0	0	0	2	0	1	1	0	0	3	0	0	0	0	1	1	1	1	0	1	3	3	0	0	0	0	3	0	0	0	0	0	0	0	0	3
288	1	3	1	1	0	1	6	3	0	0	1	3	1	0	0	0	0	0	0	10	0	0	7	0	0	0	1	0	1	1	0	0	1	0	0	0	0	2	1	1	1	0	2	3	1	0	0	0	0	1	0	0	0	0	0	0	0	0	3
289	0	1	3	2	0	2	6	2	0	0	0	1	3	2	0	0	0	0	0	10	0	0	0	0	0	0	0	0	0	10	0	0	1	1	0	0	0	3	2	1	2	0	1	0	3	2	0	0	0	1	0	0	0	0	1	0	0	2	3
290	0	3	2	1	3	4	3	0	0	0	0	0	3	0	0	0	0	0	0	10	0	0	0	0	0	9	0	0	0	1	0	0	1	1	0	0	0	2	1	1	1	1	0	0	3	1	0	0	0	1	0	0	0	0	0	0	0	1	3
291	1.6	2.3	1.8	0.4	0.8	1.8	2.2	0.9	0	0	0	0.4	1.9	2.1	0	0	0	3	0	7	0	0	0	0	0	0	0	0	0	10	0	0	3	0	0	0	0	0.3	2.2	0	0	0	3	0	0.5	2.7	0	0	0	2.6	0	0	0	1.3	0.3	2.3	0	0	0.3
292	1.5	2.5	1	0.5	0.5	1	3	1.5	0	0	0	0.5	2.5	1.5	0	0	0.8	0	0	9.2	0	0	0	0	0	0	0	0	0	10	0	0	3	0	0	0	0	0	2	0	0	0	3	0	0	3	0	0	0	2.5	0	0	0	1	0	2.5	0	0	0.5
293	3	3	1	0	1	2	3	1	0	0	0	1	2	3	0	0	0	0	0	10	0	0	0	0	0	0	0	0	0	10	0	0	3	0	0	0	0	0	2	0	0	0	3	0	0	3	0	0	0	2	0	0	0	2	2	0	0	0	1
294	2	3	2	0	0	0	2	1	0	0	0	0	0	3	0	0	0	0	0	10	0	0	0	0	0	0	0	0	0	10	0	0	3	0	0	0	0	0	3	0	0	0	3	0	3	1	0	0	0	3	0	0	0	0	0	2	0	0	0
295	1	2	2	1	1	3	0	0	0	0	0	0	2	3	0	0	0	0	0	10	0	0	0	0	0	0	0	0	0	10	0	0	3	0	0	0	0	1	2	0	0	0	3	0	0	3	0	0	0	3	0	0	0	1	0	3	0	0	0
296	0	0	3	1	2	3	3	2	0	0	0	0	2	2	0	0	0	0	2	8	0	0	0	0	0	0	0	0	0	10	0	0	3	0	0	0	0	0	2	0	0	0	3	0	0	3	0	0	0	3	0	0	0	3	0	3	0	0	0
297	2	3	2	0	0	2	2	0	0	0	0	1	3	0	0	0	0	0	0	10	0	0	0	0	0	0	0	0	0	10	0	0	3	0	0	0	0	1	2	0	0	0	3	0	0	3	0	0	0	2	0	0	0	1	0	3	0	0	0
